Confusion Matrix and Statistics

          Reference
Prediction   1   2   3   4   5   6   7   8   9  10  11  12  13
        1  376  65   0  62   8  89  39   2 111 156  14  51   7
        2   11 336  18   0 284   9  19   0   0  21 128   4   0
        3    5  18 273   5  15  18   8  71   1  29  14 135  42
        4    7   0   7 200   0  10 322  67 161  16  18  44  12
        5   79 152  14   0 288   6   0   1   0 117  20  27   0
        6    0  35   2   0   0 446  12   3   0   0   0  11 253
        7   11  16   3  80   0  37 718  28   9   7 112   7  15
        8    4   7 211  46   3   4 224 114   2  18  90 101  10
        9   15   0  28 103   0   8  30  95 224  90   6 183  40
        10  26  64  21  39 122  14  58  11   9 165 172  19   0
        11 114 157  15  51   9  25 246   1   5  98 161  72   0
        12   0   3 108  70   0   9  58 189  16  38  33  45  39
        13  15  32  20  20  20  21  40   9  19   7  11  23   8

Overall Statistics
                                          
               Accuracy : 0.3354          
                 95% CI : (0.3261, 0.3448)
    No Information Rate : 0.1774          
    P-Value [Acc > NIR] : < 2.2e-16       
                                          
                  Kappa : 0.2767          
 Mcnemar's Test P-Value : NA              

Statistics by Class:

                     Class: 1 Class: 2 Class: 3 Class: 4 Class: 5 Class: 6 Class: 7 Class: 8 Class: 9 Class: 10 Class: 11
Sensitivity            0.5671   0.3797   0.3792   0.2959   0.3845   0.6408   0.4047   0.1929   0.4022    0.2165    0.2067
Specificity            0.9353   0.9458   0.9611   0.9288   0.9550   0.9660   0.9605   0.9235   0.9367    0.9399    0.9140
Pos Pred Value         0.3837   0.4048   0.4306   0.2315   0.4091   0.5853   0.6884   0.1367   0.2725    0.2292    0.1688
Neg Pred Value         0.9682   0.9401   0.9523   0.9479   0.9504   0.9729   0.8821   0.9480   0.9637    0.9357    0.9317
Precision              0.3837   0.4048   0.4306   0.2315   0.4091   0.5853   0.6884   0.1367   0.2725    0.2292    0.1688
Recall                 0.5671   0.3797   0.3792   0.2959   0.3845   0.6408   0.4047   0.1929   0.4022    0.2165    0.2067
F1                     0.4577   0.3918   0.4032   0.2597   0.3964   0.6118   0.5098   0.1600   0.3249    0.2227    0.1858
Prevalence             0.0663   0.0885   0.0720   0.0676   0.0749   0.0696   0.1774   0.0591   0.0557    0.0762    0.0779
Detection Rate         0.0376   0.0336   0.0273   0.0200   0.0288   0.0446   0.0718   0.0114   0.0224    0.0165    0.0161
Detection Prevalence   0.0980   0.0830   0.0634   0.0864   0.0704   0.0762   0.1043   0.0834   0.0822    0.0720    0.0954
Balanced Accuracy      0.7512   0.6627   0.6701   0.6123   0.6698   0.8034   0.6826   0.5582   0.6694    0.5782    0.5603
                     Class: 12 Class: 13
Sensitivity            0.06233   0.01878
Specificity            0.93932   0.97525
Pos Pred Value         0.07401   0.03265
Neg Pred Value         0.92792   0.95715
Precision              0.07401   0.03265
Recall                 0.06233   0.01878
F1                     0.06767   0.02385
Prevalence             0.07220   0.04260
Detection Rate         0.00450   0.00080
Detection Prevalence   0.06080   0.02450
Balanced Accuracy      0.50082   0.49701
        finalout_select
clusters   1   2   3   4   5   6   7   8   9  10  11  12  13
      1  376  65   0  62   8  89  39   2 111 156  14  51   7
      2   11 336  18   0 284   9  19   0   0  21 128   4   0
      3    5  18 273   5  15  18   8  71   1  29  14 135  42
      4    7   0   7 200   0  10 322  67 161  16  18  44  12
      5   79 152  14   0 288   6   0   1   0 117  20  27   0
      6    0  35   2   0   0 446  12   3   0   0   0  11 253
      7   11  16   3  80   0  37 718  28   9   7 112   7  15
      8    4   7 211  46   3   4 224 114   2  18  90 101  10
      9   15   0  28 103   0   8  30  95 224  90   6 183  40
      10  26  64  21  39 122  14  58  11   9 165 172  19   0
      11 114 157  15  51   9  25 246   1   5  98 161  72   0
      12   0   3 108  70   0   9  58 189  16  38  33  45  39
      13  15  32  20  20  20  21  40   9  19   7  11  23   8
