Confusion Matrix and Statistics

          Reference
Prediction   1   2   3   4   5   6   7   8   9  10  11  12  13
        1  426 170   0  67   8  50  23   1   0  68  13  36 103
        2  167 313   9  42   0 135  32  13   0 123   8 107  17
        3   24  28 304   4   0 285   0  37   0  49   0 125   0
        4  132  91   0 192 147  14  69  44   0  58 103  24 151
        5    1   6   3  35 152   2  14  40   2  17  37  12  23
        6    9 135 221   1   0 198   0  24   0  42   0 122   0
        7  137 315   0  12  31  17 286   1   0  21  82  26 200
        8   17  80   9  98 146  16  99  96   0  40  65  53 122
        9    2  97   1   0   0   0   1   0  97 220  87   0   0
        10   0  46   4   0   0   0   0   0 116 416  55   0   0
        11 278  88   0  16  59   0 110   0   0  20 118   0 221
        12  46  44  75  23   2  78   2  54   0  29   1 195  10
        13  64  48   0  13  74   4  63   6   1  24  74  22 119

Overall Statistics
                                          
               Accuracy : 0.2912          
                 95% CI : (0.2823, 0.3002)
    No Information Rate : 0.1461          
    P-Value [Acc > NIR] : < 2.2e-16       
                                          
                  Kappa : 0.2304          
 Mcnemar's Test P-Value : NA              

Statistics by Class:

                     Class: 1 Class: 2 Class: 3 Class: 4 Class: 5 Class: 6 Class: 7 Class: 8 Class: 9 Class: 10 Class: 11
Sensitivity            0.3269   0.2142   0.4856   0.3817   0.2456   0.2478   0.4092   0.3038   0.4491    0.3691    0.1835
Specificity            0.9380   0.9235   0.9411   0.9123   0.9795   0.9398   0.9095   0.9231   0.9583    0.9751    0.9154
Pos Pred Value         0.4415   0.3240   0.3551   0.1873   0.4419   0.2633   0.2535   0.1141   0.1921    0.6531    0.1297
Neg Pred Value         0.9029   0.8729   0.9648   0.9653   0.9516   0.9350   0.9534   0.9760   0.9875    0.9241    0.9422
Precision              0.4415   0.3240   0.3551   0.1873   0.4419   0.2633   0.2535   0.1141   0.1921    0.6531    0.1297
Recall                 0.3269   0.2142   0.4856   0.3817   0.2456   0.2478   0.4092   0.3038   0.4491    0.3691    0.1835
F1                     0.3757   0.2579   0.4103   0.2513   0.3157   0.2553   0.3131   0.1659   0.2691    0.4717    0.1520
Prevalence             0.1303   0.1461   0.0626   0.0503   0.0619   0.0799   0.0699   0.0316   0.0216    0.1127    0.0643
Detection Rate         0.0426   0.0313   0.0304   0.0192   0.0152   0.0198   0.0286   0.0096   0.0097    0.0416    0.0118
Detection Prevalence   0.0965   0.0966   0.0856   0.1025   0.0344   0.0752   0.1128   0.0841   0.0505    0.0637    0.0910
Balanced Accuracy      0.6325   0.5689   0.7134   0.6470   0.6125   0.5938   0.6593   0.6134   0.7037    0.6721    0.5494
                     Class: 12 Class: 13
Sensitivity             0.2701    0.1232
Specificity             0.9608    0.9565
Pos Pred Value          0.3488    0.2324
Neg Pred Value          0.9442    0.9107
Precision               0.3488    0.2324
Recall                  0.2701    0.1232
F1                      0.3044    0.1610
Prevalence              0.0722    0.0966
Detection Rate          0.0195    0.0119
Detection Prevalence    0.0559    0.0512
Balanced Accuracy       0.6154    0.5398
        finalout_select
clusters   1   2   3   4   5   6   7   8   9  10  11  12  13
      1  426 170   0  67   8  50  23   1   0  68  13  36 103
      2  167 313   9  42   0 135  32  13   0 123   8 107  17
      3   24  28 304   4   0 285   0  37   0  49   0 125   0
      4  132  91   0 192 147  14  69  44   0  58 103  24 151
      5    1   6   3  35 152   2  14  40   2  17  37  12  23
      6    9 135 221   1   0 198   0  24   0  42   0 122   0
      7  137 315   0  12  31  17 286   1   0  21  82  26 200
      8   17  80   9  98 146  16  99  96   0  40  65  53 122
      9    2  97   1   0   0   0   1   0  97 220  87   0   0
      10   0  46   4   0   0   0   0   0 116 416  55   0   0
      11 278  88   0  16  59   0 110   0   0  20 118   0 221
      12  46  44  75  23   2  78   2  54   0  29   1 195  10
      13  64  48   0  13  74   4  63   6   1  24  74  22 119
