Confusion Matrix and Statistics

          Reference
Prediction   1   2   3   4   5   6   7   8   9  10  11  12  13
        1   82   0   0   0   0  60 207  14  51  15  92   0   7
        2    0 175  95  23  84  62  54  41  15  13 170 130   0
        3    0  31 204   0  39 169  35   0  94   0 208 143   0
        4   25  23   0 264   0   4   0 411   0 122  52   0   0
        5    1 163  69  18 201  55  34  18  50   3 103 178   0
        6    0  97 171   1   4 220 115  68   3   0 239 197   0
        7  172   0   0   0   0  33 365   5  56   7  37   0  43
        8    0  76 115   7   0  99  94 239   0  15 171  55   0
        9   12  65  22   8 138  11   8   4  63   1  37  42   0
        10   1  99  13 129   0  39  27 262   0 122 124  76   0
        11   4  83  57  63  10  35  23  62  24  10 101  52   0
        12   0  46 104   0  22 237  30   4  54   0 189 250   0
        13   2  96  15  70  10  23  12  33  14  15  57  79   0

Overall Statistics
                                         
               Accuracy : 0.2286         
                 95% CI : (0.2204, 0.237)
    No Information Rate : 0.158          
    P-Value [Acc > NIR] : < 2.2e-16      
                                         
                  Kappa : 0.1607         
 Mcnemar's Test P-Value : NA             

Statistics by Class:

                     Class: 1 Class: 2 Class: 3 Class: 4 Class: 5 Class: 6 Class: 7 Class: 8 Class: 9 Class: 10 Class: 11
Sensitivity            0.2742   0.1834   0.2358   0.4528   0.3957   0.2101   0.3635   0.2059   0.1486    0.3777   0.06392
Specificity            0.9540   0.9241   0.9213   0.9324   0.9271   0.9000   0.9608   0.9285   0.9637    0.9204   0.94976
Pos Pred Value         0.1553   0.2030   0.2210   0.2930   0.2251   0.1973   0.5084   0.2744   0.1533    0.1368   0.19275
Neg Pred Value         0.9771   0.9148   0.9272   0.9649   0.9663   0.9069   0.9312   0.8990   0.9624    0.9779   0.84392
Precision              0.1553   0.2030   0.2210   0.2930   0.2251   0.1973   0.5084   0.2744   0.1533    0.1368   0.19275
Recall                 0.2742   0.1834   0.2358   0.4528   0.3957   0.2101   0.3635   0.2059   0.1486    0.3777   0.06392
F1                     0.1983   0.1927   0.2282   0.3558   0.2869   0.2035   0.4239   0.2352   0.1509    0.2008   0.09601
Prevalence             0.0299   0.0954   0.0865   0.0583   0.0508   0.1047   0.1004   0.1161   0.0424    0.0323   0.15800
Detection Rate         0.0082   0.0175   0.0204   0.0264   0.0201   0.0220   0.0365   0.0239   0.0063    0.0122   0.01010
Detection Prevalence   0.0528   0.0862   0.0923   0.0901   0.0893   0.1115   0.0718   0.0871   0.0411    0.0892   0.05240
Balanced Accuracy      0.6141   0.5537   0.5786   0.6926   0.6614   0.5551   0.6622   0.5672   0.5561    0.6491   0.50684
                     Class: 12 Class: 13
Sensitivity             0.2080    0.0000
Specificity             0.9220    0.9572
Pos Pred Value          0.2671    0.0000
Neg Pred Value          0.8950    0.9948
Precision               0.2671    0.0000
Recall                  0.2080    0.0000
F1                      0.2339       NaN
Prevalence              0.1202    0.0050
Detection Rate          0.0250    0.0000
Detection Prevalence    0.0936    0.0426
Balanced Accuracy       0.5650    0.4786
        finalout_select
clusters   1   2   3   4   5   6   7   8   9  10  11  12  13
      1   82   0   0   0   0  60 207  14  51  15  92   0   7
      2    0 175  95  23  84  62  54  41  15  13 170 130   0
      3    0  31 204   0  39 169  35   0  94   0 208 143   0
      4   25  23   0 264   0   4   0 411   0 122  52   0   0
      5    1 163  69  18 201  55  34  18  50   3 103 178   0
      6    0  97 171   1   4 220 115  68   3   0 239 197   0
      7  172   0   0   0   0  33 365   5  56   7  37   0  43
      8    0  76 115   7   0  99  94 239   0  15 171  55   0
      9   12  65  22   8 138  11   8   4  63   1  37  42   0
      10   1  99  13 129   0  39  27 262   0 122 124  76   0
      11   4  83  57  63  10  35  23  62  24  10 101  52   0
      12   0  46 104   0  22 237  30   4  54   0 189 250   0
      13   2  96  15  70  10  23  12  33  14  15  57  79   0
