Confusion Matrix and Statistics

          Reference
Prediction    1    2    3    4    5    6    7    8    9   10   11   12   13
        1  1870    2    0   65   32    0    0    0    0    0    0    0    0
        2     0 3717    0    0   20  441    0 1966   30 1022    0    0    0
        3     0    0 2575    0    0  772    0    0    0   52    0    0    0
        4   593    0    0 1594    0    0  991    0   59    0    0    0    0
        5  1207  947    0    0 1932    0    0    0    0    0    0    0    0
        6     0    0  111    0    0 2688    0  380    0    3    0    0    0
        7     1   29    0    0    0    0  203    0 1243    3    0    0    0
        8     0  349    0    0 1764   21    0 2588    0    0    0    0    0
        9  2111 2503    0    0    0    0    0    0 1092    0    0    0    0
        10    0    0    0    0    0  208    0    0  238 1605    0    0    0
        11    0    0  694    0    0    0    0    0    0    0 1788    0    0
        12    0    0    0    0    0    0    0    0    0    0  153  188    0
        13    0    0    0    0    0    0    0    0    0    0    0  100   50

Overall Statistics
                                          
               Accuracy : 0.5472          
                 95% CI : (0.5424, 0.5521)
    No Information Rate : 0.1887          
    P-Value [Acc > NIR] : < 2.2e-16       
                                          
                  Kappa : 0.4964          
 Mcnemar's Test P-Value : NA              

Statistics by Class:

                     Class: 1 Class: 2 Class: 3 Class: 4 Class: 5 Class: 6 Class: 7 Class: 8 Class: 9 Class: 10 Class: 11
Sensitivity           0.32342  0.49251  0.76183  0.96082   0.5155  0.65085 0.170017   0.5245  0.41022   0.59777   0.92117
Specificity           0.99711  0.89280  0.97750  0.95715   0.9406  0.98623 0.967118   0.9391  0.87643   0.98805   0.98177
Pos Pred Value        0.94972  0.51654  0.75758  0.49243   0.4728  0.84475 0.137255   0.5481  0.19138   0.78255   0.72039
Neg Pred Value        0.89714  0.88325  0.97801  0.99823   0.9494  0.96083 0.974274   0.9335  0.95422   0.97154   0.99592
Precision             0.94972  0.51654  0.75758  0.49243   0.4728  0.84475 0.137255   0.5481  0.19138   0.78255   0.72039
Recall                0.32342  0.49251  0.76183  0.96082   0.5155  0.65085 0.170017   0.5245  0.41022   0.59777   0.92117
F1                    0.48252  0.50424  0.75970  0.65114   0.4932  0.73523 0.151889   0.5360  0.26099   0.67779   0.80850
Prevalence            0.14455  0.18868  0.08450  0.04147   0.0937  0.10325 0.029850   0.1234  0.06655   0.06713   0.04852
Detection Rate        0.04675  0.09292  0.06438  0.03985   0.0483  0.06720 0.005075   0.0647  0.02730   0.04013   0.04470
Detection Prevalence  0.04922  0.17990  0.08497  0.08092   0.1022  0.07955 0.036975   0.1181  0.14265   0.05128   0.06205
Balanced Accuracy     0.66026  0.69266  0.86967  0.95898   0.7280  0.81854 0.568568   0.7318  0.64332   0.79291   0.95147
                     Class: 12 Class: 13
Sensitivity           0.652778   1.00000
Specificity           0.996147   0.99750
Pos Pred Value        0.551320   0.33333
Neg Pred Value        0.997479   1.00000
Precision             0.551320   0.33333
Recall                0.652778   1.00000
F1                    0.597774   0.50000
Prevalence            0.007200   0.00125
Detection Rate        0.004700   0.00125
Detection Prevalence  0.008525   0.00375
Balanced Accuracy     0.824463   0.99875
        finalout_select
clusters    1    2    3    4    5    6    7    8    9   10   11   12   13
      1  1870    2    0   65   32    0    0    0    0    0    0    0    0
      2     0 3717    0    0   20  441    0 1966   30 1022    0    0    0
      3     0    0 2575    0    0  772    0    0    0   52    0    0    0
      4   593    0    0 1594    0    0  991    0   59    0    0    0    0
      5  1207  947    0    0 1932    0    0    0    0    0    0    0    0
      6     0    0  111    0    0 2688    0  380    0    3    0    0    0
      7     1   29    0    0    0    0  203    0 1243    3    0    0    0
      8     0  349    0    0 1764   21    0 2588    0    0    0    0    0
      9  2111 2503    0    0    0    0    0    0 1092    0    0    0    0
      10    0    0    0    0    0  208    0    0  238 1605    0    0    0
      11    0    0  694    0    0    0    0    0    0    0 1788    0    0
      12    0    0    0    0    0    0    0    0    0    0  153  188    0
      13    0    0    0    0    0    0    0    0    0    0    0  100   50
