Confusion Matrix and Statistics

          Reference
Prediction    1    2    3    4    5    6    7    8    9   10   11   12   13
        1  1994    0   65    0   50    0    0    0    0   45   55    0    0
        2     0 2035    0    0    0    5  992    0    2    0    0   77    0
        3    14    0 5211  583   15    0    0    3    0    0    0    0    0
        4   819    0  611 3532    0    3    0    0    0  819    0    0    0
        5     0    0  664    0 1994    0    0    0    0    0  139    0    0
        6    16    0    0  103    0 1960    0    0    0 1166    0    0    0
        7     0    0    0    0    0  434 1494  866  760    9    0    0    0
        8     0    0    0  926    0  613    0 2665    0    0    0    0    0
        9     0    0    0    0    0    0    0 1009  987    0    0    0    0
        10    0    0   64 2377    0    0    0 1388    0    0    0    0    0
        11  135    0    0    0  853    0    0    0    0    0 1241    0    0
        12    0  127    0    0    0    0    0    0    0    0    0  880   98
        13    0    0    0    0    0    0    0    0    0    0    0    0  102

Overall Statistics
                                          
               Accuracy : 0.6024          
                 95% CI : (0.5976, 0.6072)
    No Information Rate : 0.188           
    P-Value [Acc > NIR] : < 2.2e-16       
                                          
                  Kappa : 0.5574          
 Mcnemar's Test P-Value : NA              

Statistics by Class:

                     Class: 1 Class: 2 Class: 3 Class: 4 Class: 5 Class: 6 Class: 7 Class: 8 Class: 9 Class: 10 Class: 11
Sensitivity           0.66958  0.94126   0.7878   0.4696  0.68475  0.65008  0.60097  0.44933  0.56432   0.00000   0.86481
Specificity           0.99419  0.97156   0.9816   0.9307  0.97835  0.96526  0.94485  0.95483  0.97362   0.89913   0.97438
Pos Pred Value        0.90267  0.65413   0.8944   0.6107  0.71291  0.60401  0.41931  0.63392  0.49449   0.00000   0.55675
Neg Pred Value        0.97396  0.99656   0.9589   0.8834  0.97532  0.97130  0.97277  0.90876  0.97995   0.94363   0.99486
Precision             0.90267  0.65413   0.8944   0.6107  0.71291  0.60401  0.41931  0.63392  0.49449   0.00000   0.55675
Recall                0.66958  0.94126   0.7878   0.4696  0.68475  0.65008  0.60097  0.44933  0.56432   0.00000   0.86481
F1                    0.76885  0.77186   0.8377   0.5309  0.69855  0.62620  0.49397  0.52590  0.52710       NaN   0.67740
Prevalence            0.07445  0.05405   0.1654   0.1880  0.07280  0.07537  0.06215  0.14827  0.04372   0.05097   0.03587
Detection Rate        0.04985  0.05087   0.1303   0.0883  0.04985  0.04900  0.03735  0.06663  0.02467   0.00000   0.03103
Detection Prevalence  0.05523  0.07777   0.1457   0.1446  0.06993  0.08113  0.08908  0.10510  0.04990   0.09573   0.05572
Balanced Accuracy     0.83188  0.95641   0.8847   0.7001  0.83155  0.80767  0.77291  0.70208  0.76897   0.44957   0.91959
                     Class: 12 Class: 13
Sensitivity            0.91954   0.51000
Specificity            0.99424   1.00000
Pos Pred Value         0.79638   1.00000
Neg Pred Value         0.99802   0.99754
Precision              0.79638   1.00000
Recall                 0.91954   0.51000
F1                     0.85354   0.67550
Prevalence             0.02392   0.00500
Detection Rate         0.02200   0.00255
Detection Prevalence   0.02763   0.00255
Balanced Accuracy      0.95689   0.75500
        finalout_select
clusters    1    2    3    4    5    6    7    8    9   10   11   12   13
      1  1994    0   65    0   50    0    0    0    0   45   55    0    0
      2     0 2035    0    0    0    5  992    0    2    0    0   77    0
      3    14    0 5211  583   15    0    0    3    0    0    0    0    0
      4   819    0  611 3532    0    3    0    0    0  819    0    0    0
      5     0    0  664    0 1994    0    0    0    0    0  139    0    0
      6    16    0    0  103    0 1960    0    0    0 1166    0    0    0
      7     0    0    0    0    0  434 1494  866  760    9    0    0    0
      8     0    0    0  926    0  613    0 2665    0    0    0    0    0
      9     0    0    0    0    0    0    0 1009  987    0    0    0    0
      10    0    0   64 2377    0    0    0 1388    0    0    0    0    0
      11  135    0    0    0  853    0    0    0    0    0 1241    0    0
      12    0  127    0    0    0    0    0    0    0    0    0  880   98
      13    0    0    0    0    0    0    0    0    0    0    0    0  102
