Confusion Matrix and Statistics

          Reference
Prediction      1      2      3      4      5      6      7      8      9     10     11     12     13
        1   87503      0      0  25835      0      0      0      0      0      0      0      0  19187
        2       0  42006      0      0      0   3447      0      0      0      0    740      0      0
        3   15049      0  54187   1269      0      0      1      0      0      0      0      0      0
        4       8      0    146  63297      0      0  13673      0      0      0      0      0      0
        5       0      0      0      0   3929      0      0    532      0      0      0      0      0
        6       0      0   3757      0      0  54742      0      0      0      0     27  14233      0
        7       0      0      0    106      0      0  48953      0   7666      0      0      0      0
        8       0      0      0      0      0      0      0   1081      0    216      0      0      0
        9       0      0      0      0   1690      0      0      0  18293      0      0      0      0
        10      0      0      0      0      0      0      0      0      0    258      0      0      0
        11      0     61      0      0      0   2520      0      0      0      0 110467  15833      1
        12   4709      0  24534      0      0      0      0      0      0      0      0  85102  22726
        13      2      0      0      0      0      0      0      0      0      0   6098   6454 114478

Overall Statistics
                                          
               Accuracy : 0.7822          
                 95% CI : (0.7814, 0.7831)
    No Information Rate : 0.1788          
    P-Value [Acc > NIR] : < 2.2e-16       
                                          
                  Kappa : 0.7535          
 Mcnemar's Test P-Value : NA              

Statistics by Class:

                     Class: 1 Class: 2 Class: 3 Class: 4 Class: 5 Class: 6 Class: 7 Class: 8 Class: 9 Class: 10 Class: 11
Sensitivity            0.8157  0.99855  0.65583  0.69936 0.699235  0.90171  0.78166 0.670180  0.70469 0.5443038    0.9415
Specificity            0.9413  0.99497  0.97940  0.98237 0.999388  0.97787  0.99043 0.999753  0.99801 1.0000000    0.9757
Pos Pred Value         0.6603  0.90936  0.76854  0.82072 0.880744  0.75237  0.86299 0.833462  0.91543 1.0000000    0.8571
Neg Pred Value         0.9734  0.99993  0.96464  0.96589 0.998058  0.99256  0.98329 0.999391  0.99103 0.9997530    0.9908
Precision              0.6603  0.90936  0.76854  0.82072 0.880744  0.75237  0.86299 0.833462  0.91543 1.0000000    0.8571
Recall                 0.8157  0.99855  0.65583  0.69936 0.699235  0.90171  0.78166 0.670180  0.70469 0.5443038    0.9415
F1                     0.7298  0.95187  0.70773  0.75519 0.779563  0.82030  0.82031 0.742955  0.79635 0.7049180    0.8973
Prevalence             0.1226  0.04809  0.09445  0.10346 0.006423  0.06940  0.07159 0.001844  0.02967 0.0005418    0.1341
Detection Rate         0.1000  0.04802  0.06194  0.07235 0.004491  0.06258  0.05596 0.001236  0.02091 0.0002949    0.1263
Detection Prevalence   0.1515  0.05280  0.08060  0.08816 0.005099  0.08317  0.06484 0.001483  0.02284 0.0002949    0.1473
Balanced Accuracy      0.8785  0.99676  0.81761  0.84087 0.849311  0.93979  0.88605 0.834966  0.85135 0.7721519    0.9586
                     Class: 12 Class: 13
Sensitivity            0.69973    0.7320
Specificity            0.93100    0.9825
Pos Pred Value         0.62086    0.9012
Neg Pred Value         0.95050    0.9439
Precision              0.62086    0.9012
Recall                 0.69973    0.7320
F1                     0.65794    0.8078
Prevalence             0.13903    0.1788
Detection Rate         0.09728    0.1309
Detection Prevalence   0.15669    0.1452
Balanced Accuracy      0.81536    0.8573
        finalout_select
clusters      1      2      3      4      5      6      7      8      9     10     11     12     13
      1   87503      0      0  25835      0      0      0      0      0      0      0      0  19187
      2       0  42006      0      0      0   3447      0      0      0      0    740      0      0
      3   15049      0  54187   1269      0      0      1      0      0      0      0      0      0
      4       8      0    146  63297      0      0  13673      0      0      0      0      0      0
      5       0      0      0      0   3929      0      0    532      0      0      0      0      0
      6       0      0   3757      0      0  54742      0      0      0      0     27  14233      0
      7       0      0      0    106      0      0  48953      0   7666      0      0      0      0
      8       0      0      0      0      0      0      0   1081      0    216      0      0      0
      9       0      0      0      0   1690      0      0      0  18293      0      0      0      0
      10      0      0      0      0      0      0      0      0      0    258      0      0      0
      11      0     61      0      0      0   2520      0      0      0      0 110467  15833      1
      12   4709      0  24534      0      0      0      0      0      0      0      0  85102  22726
      13      2      0      0      0      0      0      0      0      0      0   6098   6454 114478
