 finalout_select
clusters      1      2      3      4      5      6      7      8      9     10     11     12     13
      1  108895      0      0     91      0      0      0      0      0      0   4761   5996      0
      2       0  24729      0      0      0  34263      0      0      0      0      0      0      0
      3       0  16361   7429      0      0      0      0      0      0      0      0      0      0
      4    4166      0      0 111504      0      0      0      0    198      0    209      0   7584
      5       0      0      0      0    667      0      0    878      0      0      0      0      0
      6       0      0      0      0      0  37868      0      0   2220  48035      0      0      0
      7       0      0      0      0    208      0    213      0      0      0      0      0      0
      8       0      0   3327      0      0      0      0   1988      0      0      0      0      0
      9       0      0      0   4644      0   1695      0      0  63474      0      3      0     17
      10      0      0      0    531      0      0      0      0  13068  57149      0      0  69360
      11     68      0      0   3540      0      0      0      0      0      0  55421    137      0
      12      1      0      0      0      0      0      0      0      0      0   1364  40251      0
      13  39425      0      0   2686      0      0      0      0      0      0      0      0 100392
> confusionMatrix(clusters,finalout_select,mode="everything")
Confusion Matrix and Statistics

          Reference
Prediction      1      2      3      4      5      6      7      8      9     10     11     12     13
        1  108895      0      0     91      0      0      0      0      0      0   4761   5996      0
        2       0  24729      0      0      0  34263      0      0      0      0      0      0      0
        3       0  16361   7429      0      0      0      0      0      0      0      0      0      0
        4    4166      0      0 111504      0      0      0      0    198      0    209      0   7584
        5       0      0      0      0    667      0      0    878      0      0      0      0      0
        6       0      0      0      0      0  37868      0      0   2220  48035      0      0      0
        7       0      0      0      0    208      0    213      0      0      0      0      0      0
        8       0      0   3327      0      0      0      0   1988      0      0      0      0      0
        9       0      0      0   4644      0   1695      0      0  63474      0      3      0     17
        10      0      0      0    531      0      0      0      0  13068  57149      0      0  69360
        11     68      0      0   3540      0      0      0      0      0      0  55421    137      0
        12      1      0      0      0      0      0      0      0      0      0   1364  40251      0
        13  39425      0      0   2686      0      0      0      0      0      0      0      0 100392

Overall Statistics
                                          
               Accuracy : 0.6973          
                 95% CI : (0.6963, 0.6982)
    No Information Rate : 0.2027          
    P-Value [Acc > NIR] : < 2.2e-16       
                                          
                  Kappa : 0.655           
 Mcnemar's Test P-Value : NA              

Statistics by Class:

                     Class: 1 Class: 2 Class: 3 Class: 4  Class: 5 Class: 6  Class: 7 Class: 8 Class: 9 Class: 10 Class: 11
Sensitivity            0.7138  0.60183 0.690684   0.9066 0.7622857  0.51294 1.0000000 0.693650  0.80388   0.54332   0.89739
Specificity            0.9850  0.95890 0.981065   0.9838 0.9989954  0.93726 0.9997622 0.996184  0.99201   0.89221   0.99539
Pos Pred Value         0.9094  0.41919 0.312274   0.9017 0.4317152  0.42972 0.5059382 0.374036  0.90894   0.40789   0.93670
Neg Pred Value         0.9422  0.97995 0.996091   0.9847 0.9997618  0.95429 1.0000000 0.998990  0.98076   0.93462   0.99223
Precision              0.9094  0.41919 0.312274   0.9017 0.4317152  0.42972 0.5059382 0.374036  0.90894   0.40789   0.93670
Recall                 0.7138  0.60183 0.690684   0.9066 0.7622857  0.51294 1.0000000 0.693650  0.80388   0.54332   0.89739
F1                     0.7998  0.49417 0.430093   0.9041 0.5512397  0.46765 0.6719243 0.486004  0.85319   0.46597   0.91663
Prevalence             0.1744  0.04697 0.012295   0.1406 0.0010002  0.08439 0.0002435 0.003276  0.09026   0.12024   0.07060
Detection Rate         0.1245  0.02827 0.008492   0.1275 0.0007624  0.04329 0.0002435 0.002272  0.07256   0.06533   0.06335
Detection Prevalence   0.1369  0.06743 0.027194   0.1414 0.0017661  0.10073 0.0004812 0.006076  0.07983   0.16016   0.06763
Balanced Accuracy      0.8494  0.78036 0.835875   0.9452 0.8806405  0.72510 0.9998811 0.844917  0.89794   0.71777   0.94639
                     Class: 12 Class: 13
Sensitivity            0.86778    0.5661
Specificity            0.99835    0.9396
Pos Pred Value         0.96720    0.7045
Neg Pred Value         0.99264    0.8949
Precision              0.96720    0.7045
Recall                 0.86778    0.5661
F1                     0.91480    0.6277
Prevalence             0.05302    0.2027
Detection Rate         0.04601    0.1148
Detection Prevalence   0.04757    0.1629
Balanced Accuracy      0.93306    0.7528
> sink("kmeans70overlap.txt",split=TRUE)
> print(confusionMatrix(clusters,finalout_select,mode="everything"))
Confusion Matrix and Statistics

          Reference
Prediction      1      2      3      4      5      6      7      8      9     10     11     12     13
        1  108895      0      0     91      0      0      0      0      0      0   4761   5996      0
        2       0  24729      0      0      0  34263      0      0      0      0      0      0      0
        3       0  16361   7429      0      0      0      0      0      0      0      0      0      0
        4    4166      0      0 111504      0      0      0      0    198      0    209      0   7584
        5       0      0      0      0    667      0      0    878      0      0      0      0      0
        6       0      0      0      0      0  37868      0      0   2220  48035      0      0      0
        7       0      0      0      0    208      0    213      0      0      0      0      0      0
        8       0      0   3327      0      0      0      0   1988      0      0      0      0      0
        9       0      0      0   4644      0   1695      0      0  63474      0      3      0     17
        10      0      0      0    531      0      0      0      0  13068  57149      0      0  69360
        11     68      0      0   3540      0      0      0      0      0      0  55421    137      0
        12      1      0      0      0      0      0      0      0      0      0   1364  40251      0
        13  39425      0      0   2686      0      0      0      0      0      0      0      0 100392

Overall Statistics
                                          
               Accuracy : 0.6973          
                 95% CI : (0.6963, 0.6982)
    No Information Rate : 0.2027          
    P-Value [Acc > NIR] : < 2.2e-16       
                                          
                  Kappa : 0.655           
 Mcnemar's Test P-Value : NA              

Statistics by Class:

                     Class: 1 Class: 2 Class: 3 Class: 4  Class: 5 Class: 6  Class: 7 Class: 8 Class: 9 Class: 10 Class: 11
Sensitivity            0.7138  0.60183 0.690684   0.9066 0.7622857  0.51294 1.0000000 0.693650  0.80388   0.54332   0.89739
Specificity            0.9850  0.95890 0.981065   0.9838 0.9989954  0.93726 0.9997622 0.996184  0.99201   0.89221   0.99539
Pos Pred Value         0.9094  0.41919 0.312274   0.9017 0.4317152  0.42972 0.5059382 0.374036  0.90894   0.40789   0.93670
Neg Pred Value         0.9422  0.97995 0.996091   0.9847 0.9997618  0.95429 1.0000000 0.998990  0.98076   0.93462   0.99223
Precision              0.9094  0.41919 0.312274   0.9017 0.4317152  0.42972 0.5059382 0.374036  0.90894   0.40789   0.93670
Recall                 0.7138  0.60183 0.690684   0.9066 0.7622857  0.51294 1.0000000 0.693650  0.80388   0.54332   0.89739
F1                     0.7998  0.49417 0.430093   0.9041 0.5512397  0.46765 0.6719243 0.486004  0.85319   0.46597   0.91663
Prevalence             0.1744  0.04697 0.012295   0.1406 0.0010002  0.08439 0.0002435 0.003276  0.09026   0.12024   0.07060
Detection Rate         0.1245  0.02827 0.008492   0.1275 0.0007624  0.04329 0.0002435 0.002272  0.07256   0.06533   0.06335
Detection Prevalence   0.1369  0.06743 0.027194   0.1414 0.0017661  0.10073 0.0004812 0.006076  0.07983   0.16016   0.06763
Balanced Accuracy      0.8494  0.78036 0.835875   0.9452 0.8806405  0.72510 0.9998811 0.844917  0.89794   0.71777   0.94639
                     Class: 12 Class: 13
Sensitivity            0.86778    0.5661
Specificity            0.99835    0.9396
Pos Pred Value         0.96720    0.7045
Neg Pred Value         0.99264    0.8949
Precision              0.96720    0.7045
Recall                 0.86778    0.5661
F1                     0.91480    0.6277
Prevalence             0.05302    0.2027
Detection Rate         0.04601    0.1148
Detection Prevalence   0.04757    0.1629
Balanced Accuracy      0.93306    0.7528
> print(table(clusters,finalout_select))
        finalout_select
clusters      1      2      3      4      5      6      7      8      9     10     11     12     13
      1  108895      0      0     91      0      0      0      0      0      0   4761   5996      0
      2       0  24729      0      0      0  34263      0      0      0      0      0      0      0
      3       0  16361   7429      0      0      0      0      0      0      0      0      0      0
      4    4166      0      0 111504      0      0      0      0    198      0    209      0   7584
      5       0      0      0      0    667      0      0    878      0      0      0      0      0
      6       0      0      0      0      0  37868      0      0   2220  48035      0      0      0
      7       0      0      0      0    208      0    213      0      0      0      0      0      0
      8       0      0   3327      0      0      0      0   1988      0      0      0      0      0
      9       0      0      0   4644      0   1695      0      0  63474      0      3      0     17
      10      0      0      0    531      0      0      0      0  13068  57149      0      0  69360
      11     68      0      0   3540      0      0      0      0      0      0  55421    137      0
      12      1      0      0      0      0      0      0      0      0      0   1364  40251      0
      13  39425      0      0   2686      0      0      0      0      0      0      0      0 100392
> sink()