Confusion Matrix and Statistics

          Reference
Prediction      1      2      3      4      5      6      7      8      9     10     11     12     13
        1  110295      0      0      4      0      0      0      0      0      0   4449   4995      0
        2       0  27141      0      0      0  31848      0      0      3      0      0      0      0
        3       0  14683   9107      0      0      0      0      0      0      0      0      0      0
        4    7010      0      0 104399      0      0      0      0      0      0    347      0  11905
        5       0      0      0      0    961      0      0    584      0      0      0      0      0
        6       0      0      0      0      0  42242      0      0   4852  41029      0      0      0
        7       0      0      0      0    121      0    300      0      0      0      0      0      0
        8       0      0   2446      0      0      0      0   2869      0      0      0      0      0
        9       0      0      0   9547      0   1470      0      0  58640      0      0      0    176
        10      0      0      0    484      0      0      0      0  11749  64773      0      0  63102
        11    240      0      0   4266      0      0      0      0      0      0  54627     33      0
        12      1      0      0      0      0      0      0      0      0      0   2154  39461      0
        13  37754      0      0    506      0      0      0      0      0     31      0      0 104212

Overall Statistics
                                          
               Accuracy : 0.7076          
                 95% CI : (0.7067, 0.7086)
    No Information Rate : 0.2051          
    P-Value [Acc > NIR] : < 2.2e-16       
                                          
                  Kappa : 0.6667          
 Mcnemar's Test P-Value : NA              

Statistics by Class:

                     Class: 1 Class: 2 Class: 3 Class: 4 Class: 5 Class: 6  Class: 7 Class: 8 Class: 9 Class: 10 Class: 11
Sensitivity            0.7102  0.64893  0.78828   0.8758 0.888170  0.55905 1.0000000 0.830872  0.77933   0.61203   0.88713
Specificity            0.9869  0.96176  0.98299   0.9745 0.999332  0.94260 0.9998616 0.997193  0.98600   0.90203   0.99442
Pos Pred Value         0.9211  0.46008  0.38281   0.8442 0.622006  0.47935 0.7125891 0.539793  0.83972   0.46231   0.92328
Neg Pred Value         0.9404  0.98200  0.99713   0.9803 0.999861  0.95765 1.0000000 0.999328  0.97937   0.94411   0.99148
Precision              0.9211  0.46008  0.38281   0.8442 0.622006  0.47935 0.7125891 0.539793  0.83972   0.46231   0.92328
Recall                 0.7102  0.64893  0.78828   0.8758 0.888170  0.55905 1.0000000 0.830872  0.77933   0.61203   0.88713
F1                     0.8020  0.53843  0.51535   0.8597 0.731633  0.51614 0.8321775 0.654425  0.80840   0.52674   0.90485
Prevalence             0.1775  0.04781  0.01321   0.1363 0.001237  0.08637 0.0003429 0.003947  0.08601   0.12098   0.07039
Detection Rate         0.1261  0.03102  0.01041   0.1193 0.001099  0.04829 0.0003429 0.003280  0.06703   0.07404   0.06244
Detection Prevalence   0.1369  0.06743  0.02719   0.1414 0.001766  0.10073 0.0004812 0.006076  0.07983   0.16016   0.06763
Balanced Accuracy      0.8485  0.80535  0.88564   0.9251 0.943751  0.75082 0.9999308 0.914032  0.88267   0.75703   0.94078
                     Class: 12 Class: 13
Sensitivity            0.88698    0.5809
Specificity            0.99740    0.9449
Pos Pred Value         0.94822    0.7313
Neg Pred Value         0.99397    0.8973
Precision              0.94822    0.7313
Recall                 0.88698    0.5809
F1                     0.91658    0.6475
Prevalence             0.05086    0.2051
Detection Rate         0.04511    0.1191
Detection Prevalence   0.04757    0.1629
Balanced Accuracy      0.94219    0.7629
        finalout_select
clusters      1      2      3      4      5      6      7      8      9     10     11     12     13
      1  110295      0      0      4      0      0      0      0      0      0   4449   4995      0
      2       0  27141      0      0      0  31848      0      0      3      0      0      0      0
      3       0  14683   9107      0      0      0      0      0      0      0      0      0      0
      4    7010      0      0 104399      0      0      0      0      0      0    347      0  11905
      5       0      0      0      0    961      0      0    584      0      0      0      0      0
      6       0      0      0      0      0  42242      0      0   4852  41029      0      0      0
      7       0      0      0      0    121      0    300      0      0      0      0      0      0
      8       0      0   2446      0      0      0      0   2869      0      0      0      0      0
      9       0      0      0   9547      0   1470      0      0  58640      0      0      0    176
      10      0      0      0    484      0      0      0      0  11749  64773      0      0  63102
      11    240      0      0   4266      0      0      0      0      0      0  54627     33      0
      12      1      0      0      0      0      0      0      0      0      0   2154  39461      0
      13  37754      0      0    506      0      0      0      0      0     31      0      0 104212
