Confusion Matrix and Statistics

          Reference
Prediction      1      2      3      4      5      6      7      8      9     10     11     12     13
        1  116928      0      0     62      0      0      0      0      0      0   1676   1051     26
        2       0  46003      0      0      0  12859      0      0    130      0      0      0      0
        3       0   6764  17026      0      0      0      0      0      0      0      0      0      0
        4    2428      0      0 111662      0      0      0      0      0      0   5821      0   3750
        5       0      0      0      0   1310      0      0    235      0      0      0      0      0
        6       0      0      0      0      0  70435      0      0   6959  10729      0      0      0
        7       0      0      0      0     56      0    365      0      0      0      0      0      0
        8       0      0   1217      0      0      0      0   4098      0      0      0      0      0
        9       0      0      0  11812      0   1122      0      0  56898      1      0      0      0
        10      0      0      0   4872      0      0      0      0   8736 118466      0      0   8034
        11    100      0      0     78      0      0      0      0      0      0  57963   1025      0
        12     82      0      0      0      0      0      0      0      0      0     18  41516      0
        13   6302      0      0   1253      0      0      0      0      0    194      0      0 134754

Overall Statistics
                                         
               Accuracy : 0.8887         
                 95% CI : (0.888, 0.8893)
    No Information Rate : 0.1675         
    P-Value [Acc > NIR] : < 2.2e-16      
                                         
                  Kappa : 0.8735         
 Mcnemar's Test P-Value : NA             

Statistics by Class:

                     Class: 1 Class: 2 Class: 3 Class: 4 Class: 5 Class: 6  Class: 7 Class: 8 Class: 9 Class: 10 Class: 11
Sensitivity            0.9292  0.87181  0.93329   0.8607 0.959004  0.83438 1.0000000 0.945765  0.78239    0.9156   0.88523
Specificity            0.9962  0.98420  0.99210   0.9839 0.999731  0.97762 0.9999360 0.998602  0.98387    0.9710   0.99851
Pos Pred Value         0.9765  0.77982  0.71568   0.9030 0.847896  0.79928 0.8669834 0.771025  0.81477    0.8455   0.97967
Neg Pred Value         0.9882  0.99171  0.99857   0.9759 0.999936  0.98223 1.0000000 0.999730  0.98034    0.9851   0.99079
Precision              0.9765  0.77982  0.71568   0.9030 0.847896  0.79928 0.8669834 0.771025  0.81477    0.8455   0.97967
Recall                 0.9292  0.87181  0.93329   0.8607 0.959004  0.83438 1.0000000 0.945765  0.78239    0.9156   0.88523
F1                     0.9522  0.82325  0.81013   0.8813 0.900034  0.81645 0.9287532 0.849502  0.79825    0.8792   0.93006
Prevalence             0.1438  0.06032  0.02085   0.1483 0.001561  0.09650 0.0004172 0.004953  0.08313    0.1479   0.07485
Detection Rate         0.1337  0.05259  0.01946   0.1276 0.001497  0.08051 0.0004172 0.004684  0.06504    0.1354   0.06626
Detection Prevalence   0.1369  0.06743  0.02719   0.1414 0.001766  0.10073 0.0004812 0.006076  0.07983    0.1602   0.06763
Balanced Accuracy      0.9627  0.92801  0.96270   0.9223 0.979368  0.90600 0.9999680 0.972183  0.88313    0.9433   0.94187
                     Class: 12 Class: 13
Sensitivity            0.95238    0.9194
Specificity            0.99988    0.9894
Pos Pred Value         0.99760    0.9456
Neg Pred Value         0.99751    0.9839
Precision              0.99760    0.9456
Recall                 0.95238    0.9194
F1                     0.97446    0.9323
Prevalence             0.04983    0.1675
Detection Rate         0.04746    0.1540
Detection Prevalence   0.04757    0.1629
Balanced Accuracy      0.97613    0.9544
        finalout_select
clusters      1      2      3      4      5      6      7      8      9     10     11     12     13
      1  116928      0      0     62      0      0      0      0      0      0   1676   1051     26
      2       0  46003      0      0      0  12859      0      0    130      0      0      0      0
      3       0   6764  17026      0      0      0      0      0      0      0      0      0      0
      4    2428      0      0 111662      0      0      0      0      0      0   5821      0   3750
      5       0      0      0      0   1310      0      0    235      0      0      0      0      0
      6       0      0      0      0      0  70435      0      0   6959  10729      0      0      0
      7       0      0      0      0     56      0    365      0      0      0      0      0      0
      8       0      0   1217      0      0      0      0   4098      0      0      0      0      0
      9       0      0      0  11812      0   1122      0      0  56898      1      0      0      0
      10      0      0      0   4872      0      0      0      0   8736 118466      0      0   8034
      11    100      0      0     78      0      0      0      0      0      0  57963   1025      0
      12     82      0      0      0      0      0      0      0      0      0     18  41516      0
      13   6302      0      0   1253      0      0      0      0      0    194      0      0 134754
