Confusion Matrix and Statistics

          Reference
Prediction      1      2      3      4      5      6      7      8      9     10     11     12     13
        1  113660      0      0     60      0      0      0      0      0      0   3792   2231      0
        2       0  28829      0      0      0  30163      0      0      0      0      0      0      0
        3       0  14880   8910      0      0      0      0      0      0      0      0      0      0
        4    4734      0      0 110000      0      0      0      0     69      0    116      0   8742
        5       0      0      0      0    947      0      0    598      0      0      0      0      0
        6       0      0      0      0      0  44060      0      0   3029  41034      0      0      0
        7       0      0      0      0    146      0    275      0      0      0      0      0      0
        8       0      0   2795      0      0      0      0   2520      0      0      0      0      0
        9       0      0      0   5777      0   2008      0      0  62042      0      0      0      6
        10      0      0      0    822      0      0      0      0  13761  64595      0      0  60930
        11    198      0      0   3462      0      0      0      0      0      0  55251    255      0
        12     25      0      0      0      0      0      0      0      0      0    821  40770      0
        13  32348      0      0   1443      0      0      0      0      0      0      0      0 108712

Overall Statistics
                                          
               Accuracy : 0.7322          
                 95% CI : (0.7313, 0.7332)
    No Information Rate : 0.2039          
    P-Value [Acc > NIR] : < 2.2e-16       
                                          
                  Kappa : 0.6948          
 Mcnemar's Test P-Value : NA              

Statistics by Class:

                     Class: 1 Class: 2 Class: 3 Class: 4 Class: 5 Class: 6  Class: 7 Class: 8 Class: 9 Class: 10 Class: 11
Sensitivity            0.7529  0.65957  0.76121   0.9049 0.866423  0.57798 1.0000000 0.808210  0.78633   0.61153   0.92116
Specificity            0.9916  0.96371  0.98276   0.9819 0.999316  0.94482 0.9998331 0.996794  0.99021   0.90183   0.99520
Pos Pred Value         0.9492  0.48869  0.37453   0.8895 0.612945  0.49998 0.6532067 0.474130  0.88843   0.46104   0.93383
Neg Pred Value         0.9506  0.98176  0.99672   0.9846 0.999833  0.95911 1.0000000 0.999312  0.97906   0.94415   0.99420
Precision              0.9492  0.48869  0.37453   0.8895 0.612945  0.49998 0.6532067 0.474130  0.88843   0.46104   0.93383
Recall                 0.7529  0.65957  0.76121   0.9049 0.866423  0.57798 1.0000000 0.808210  0.78633   0.61153   0.92116
F1                     0.8397  0.56142  0.50204   0.8971 0.717968  0.53616 0.7902299 0.597652  0.83427   0.52572   0.92745
Prevalence             0.1726  0.04996  0.01338   0.1390 0.001249  0.08714 0.0003144 0.003564  0.09019   0.12074   0.06856
Detection Rate         0.1299  0.03295  0.01018   0.1257 0.001083  0.05036 0.0003144 0.002881  0.07092   0.07384   0.06316
Detection Prevalence   0.1369  0.06743  0.02719   0.1414 0.001766  0.10073 0.0004812 0.006076  0.07983   0.16016   0.06763
Balanced Accuracy      0.8722  0.81164  0.87199   0.9434 0.932869  0.76140 0.9999165 0.902502  0.88827   0.75668   0.95818
                     Class: 12 Class: 13
Sensitivity            0.94253    0.6094
Specificity            0.99898    0.9515
Pos Pred Value         0.97967    0.7629
Neg Pred Value         0.99702    0.9049
Precision              0.97967    0.7629
Recall                 0.94253    0.6094
F1                     0.96074    0.6776
Prevalence             0.04945    0.2039
Detection Rate         0.04660    0.1243
Detection Prevalence   0.04757    0.1629
Balanced Accuracy      0.97076    0.7804
        finalout_select
clusters      1      2      3      4      5      6      7      8      9     10     11     12     13
      1  113660      0      0     60      0      0      0      0      0      0   3792   2231      0
      2       0  28829      0      0      0  30163      0      0      0      0      0      0      0
      3       0  14880   8910      0      0      0      0      0      0      0      0      0      0
      4    4734      0      0 110000      0      0      0      0     69      0    116      0   8742
      5       0      0      0      0    947      0      0    598      0      0      0      0      0
      6       0      0      0      0      0  44060      0      0   3029  41034      0      0      0
      7       0      0      0      0    146      0    275      0      0      0      0      0      0
      8       0      0   2795      0      0      0      0   2520      0      0      0      0      0
      9       0      0      0   5777      0   2008      0      0  62042      0      0      0      6
      10      0      0      0    822      0      0      0      0  13761  64595      0      0  60930
      11    198      0      0   3462      0      0      0      0      0      0  55251    255      0
      12     25      0      0      0      0      0      0      0      0      0    821  40770      0
      13  32348      0      0   1443      0      0      0      0      0      0      0      0 108712
