Confusion Matrix and Statistics

          Reference
Prediction      1      2      3      4      5      6      7      8      9     10     11     12     13
        1  110624      0      0     38      0      0      0      0      0      0   5044   4037      0
        2       0  40318      0      0      0  18674      0      0      0      0      0      0      0
        3       0   7802  15988      0      0      0      0      0      0      0      0      0      0
        4    3279      0      0 111024      0      0      0      0    413      0    233      0   8712
        5       0      0      0      0   1456      0     57     32      0      0      0      0      0
        6       0      0      0      0      0  57083      0      0   2125  28915      0      0      0
        7       0      0      0      0      0      0    421      0      0      0      0      0      0
        8       0      0    956      0      8      0      0   4351      0      0      0      0      0
        9       0      0      0   2927      0   2816      0      0  64090      0      0      0      0
        10      0      0      0    503      0      0      0      0  12109  80094      0      0  47402
        11     10      0      0   2605      0      0      0      0      1      0  56451     99      0
        12      0      0      0      0      0      0      0      0      0      0    628  40988      0
        13  30209      0      0   1416      0      0      0      0      0     47      0      0 110831

Overall Statistics
                                          
               Accuracy : 0.793           
                 95% CI : (0.7921, 0.7938)
    No Information Rate : 0.1908          
    P-Value [Acc > NIR] : < 2.2e-16       
                                          
                  Kappa : 0.7646          
 Mcnemar's Test P-Value : NA              

Statistics by Class:

                     Class: 1 Class: 2 Class: 3 Class: 4 Class: 5 Class: 6  Class: 7 Class: 8 Class: 9 Class: 10 Class: 11
Sensitivity            0.7676  0.83786  0.94358   0.9368 0.994536  0.72650 0.8807531 0.992699  0.81397   0.73443   0.90530
Specificity            0.9875  0.97741  0.99091   0.9833 0.999898  0.96102 1.0000000 0.998893  0.99279   0.92163   0.99666
Pos Pred Value         0.9238  0.68345  0.67205   0.8978 0.942395  0.64777 1.0000000 0.818627  0.91776   0.57166   0.95411
Neg Pred Value         0.9556  0.99044  0.99888   0.9900 0.999991  0.97268 0.9999348 0.999963  0.98180   0.96058   0.99276
Precision              0.9238  0.68345  0.67205   0.8978 0.942395  0.64777 1.0000000 0.818627  0.91776   0.57166   0.95411
Recall                 0.7676  0.83786  0.94358   0.9368 0.994536  0.72650 0.8807531 0.992699  0.81397   0.73443   0.90530
F1                     0.8385  0.75282  0.78500   0.9169 0.967763  0.68488 0.9365962 0.897298  0.86275   0.64290   0.92907
Prevalence             0.1647  0.05501  0.01937   0.1355 0.001673  0.08982 0.0005464 0.005010  0.09001   0.12466   0.07128
Detection Rate         0.1265  0.04609  0.01828   0.1269 0.001664  0.06525 0.0004812 0.004974  0.07326   0.09156   0.06453
Detection Prevalence   0.1369  0.06743  0.02719   0.1414 0.001766  0.10073 0.0004812 0.006076  0.07983   0.16016   0.06763
Balanced Accuracy      0.8775  0.90764  0.96724   0.9600 0.997217  0.84376 0.9403766 0.995796  0.90338   0.82803   0.95098
                     Class: 12 Class: 13
Sensitivity            0.90834    0.6639
Specificity            0.99924    0.9553
Pos Pred Value         0.98491    0.7777
Neg Pred Value         0.99504    0.9234
Precision              0.98491    0.7777
Recall                 0.90834    0.6639
F1                     0.94508    0.7163
Prevalence             0.05158    0.1908
Detection Rate         0.04685    0.1267
Detection Prevalence   0.04757    0.1629
Balanced Accuracy      0.95379    0.8096
        finalout_select
clusters      1      2      3      4      5      6      7      8      9     10     11     12     13
      1  110624      0      0     38      0      0      0      0      0      0   5044   4037      0
      2       0  40318      0      0      0  18674      0      0      0      0      0      0      0
      3       0   7802  15988      0      0      0      0      0      0      0      0      0      0
      4    3279      0      0 111024      0      0      0      0    413      0    233      0   8712
      5       0      0      0      0   1456      0     57     32      0      0      0      0      0
      6       0      0      0      0      0  57083      0      0   2125  28915      0      0      0
      7       0      0      0      0      0      0    421      0      0      0      0      0      0
      8       0      0    956      0      8      0      0   4351      0      0      0      0      0
      9       0      0      0   2927      0   2816      0      0  64090      0      0      0      0
      10      0      0      0    503      0      0      0      0  12109  80094      0      0  47402
      11     10      0      0   2605      0      0      0      0      1      0  56451     99      0
      12      0      0      0      0      0      0      0      0      0      0    628  40988      0
      13  30209      0      0   1416      0      0      0      0      0     47      0      0 110831
