Confusion Matrix and Statistics

          Reference
Prediction      1      2      3      4      5      6      7      8      9     10     11     12     13
        1  108949      0      0     16      0      0      0      0      0      0   6366   4412      0
        2       0  34188      0      0      0  24803      0      0      1      0      0      0      0
        3       0  12324  11466      0      0      0      0      0      0      0      0      0      0
        4    3891      0      0 110075      0      0      0      0    360      0    413      0   8922
        5       0      0      0      0    807      0      0    738      0      0      0      0      0
        6       0      0      0      0      0  50507      0      0   2555  35061      0      0      0
        7       0      0      0      0    211      0    210      0      0      0      0      0      0
        8       0      0   2528      0      0      0      0   2787      0      0      0      0      0
        9       0      0      0   3353      0   2599      0      0  63881      0      0      0      0
        10      0      0      0    497      0      0      0      0  15258  70955      0      0  53398
        11      1      0      0   2780      0      0      0      0      0      0  56296     89      0
        12      0      0      0      0      0      0      0      0      0      0    585  41031      0
        13  33426      0      0   1216      0      0      0      0      0     22      0      0 107839

Overall Statistics
                                          
               Accuracy : 0.7533          
                 95% CI : (0.7524, 0.7542)
    No Information Rate : 0.1945          
    P-Value [Acc > NIR] : < 2.2e-16       
                                          
                  Kappa : 0.7193          
 Mcnemar's Test P-Value : NA              

Statistics by Class:

                     Class: 1 Class: 2 Class: 3 Class: 4  Class: 5 Class: 6  Class: 7 Class: 8 Class: 9 Class: 10 Class: 11
Sensitivity            0.7449  0.73504  0.81935   0.9333 0.7927308  0.64828 1.0000000 0.790638  0.77851   0.66915   0.88432
Specificity            0.9852  0.97005  0.98568   0.9820 0.9991554  0.95280 0.9997587 0.997099  0.99249   0.91005   0.99646
Pos Pred Value         0.9099  0.57954  0.48197   0.8901 0.5223301  0.57314 0.4988124 0.524365  0.91477   0.50643   0.95149
Neg Pred Value         0.9506  0.98489  0.99703   0.9895 0.9997584  0.96517 1.0000000 0.999151  0.97742   0.95225   0.99097
Precision              0.9099  0.57954  0.48197   0.8901 0.5223301  0.57314 0.4988124 0.524365  0.91477   0.50643   0.95149
Recall                 0.7449  0.73504  0.81935   0.9333 0.7927308  0.64828 1.0000000 0.790638  0.77851   0.66915   0.88432
F1                     0.8191  0.64809  0.60692   0.9112 0.6297308  0.60840 0.6656101 0.630543  0.84116   0.57653   0.91668
Prevalence             0.1672  0.05317  0.01600   0.1348 0.0011637  0.08906 0.0002401 0.004029  0.09380   0.12121   0.07277
Detection Rate         0.1245  0.03908  0.01311   0.1258 0.0009225  0.05773 0.0002401 0.003186  0.07302   0.08111   0.06435
Detection Prevalence   0.1369  0.06743  0.02719   0.1414 0.0017661  0.10073 0.0004812 0.006076  0.07983   0.16016   0.06763
Balanced Accuracy      0.8650  0.85255  0.90252   0.9577 0.8959431  0.80054 0.9998794 0.893868  0.88550   0.78960   0.94039
                     Class: 12 Class: 13
Sensitivity            0.90115    0.6338
Specificity            0.99929    0.9508
Pos Pred Value         0.98594    0.7567
Neg Pred Value         0.99460    0.9149
Precision              0.98594    0.7567
Recall                 0.90115    0.6338
F1                     0.94164    0.6898
Prevalence             0.05205    0.1945
Detection Rate         0.04690    0.1233
Detection Prevalence   0.04757    0.1629
Balanced Accuracy      0.95022    0.7923
        finalout_select
clusters      1      2      3      4      5      6      7      8      9     10     11     12     13
      1  108949      0      0     16      0      0      0      0      0      0   6366   4412      0
      2       0  34188      0      0      0  24803      0      0      1      0      0      0      0
      3       0  12324  11466      0      0      0      0      0      0      0      0      0      0
      4    3891      0      0 110075      0      0      0      0    360      0    413      0   8922
      5       0      0      0      0    807      0      0    738      0      0      0      0      0
      6       0      0      0      0      0  50507      0      0   2555  35061      0      0      0
      7       0      0      0      0    211      0    210      0      0      0      0      0      0
      8       0      0   2528      0      0      0      0   2787      0      0      0      0      0
      9       0      0      0   3353      0   2599      0      0  63881      0      0      0      0
      10      0      0      0    497      0      0      0      0  15258  70955      0      0  53398
      11      1      0      0   2780      0      0      0      0      0      0  56296     89      0
      12      0      0      0      0      0      0      0      0      0      0    585  41031      0
      13  33426      0      0   1216      0      0      0      0      0     22      0      0 107839
