Confusion Matrix and Statistics

          Reference
Prediction      1      2      3      4      5      6      7      8      9     10     11     12     13
        1  105857      0      0     95      0      0      0      0      0      0     16    357  13418
        2       0  54134   4512      0      0    167      0      0    179      0      0      0      0
        3       0      0  22936      0      0      0      0    854      0      0      0      0      0
        4    1794      0      0 108118      0      0      0      0      0   1831     24      0  11894
        5       0      0      0      0   1460      0     85      0      0      0      0      0      0
        6       0   6076      0      0      0  77923      0      0   4096     28      0      0      0
        7       0      0      0      0      0      0    421      0      0      0      0      0      0
        8       0      0      0      0    313      0      0   5002      0      0      0      0      0
        9       0    165      0  12351      0    217      0      0  55178   1922      0      0      0
        10      0      0      0    838      0   7103      0      0   5084 127083      0      0      0
        11   5506      0      0   6437      0      0      0      0      0      0  47205     18      0
        12   2663      0      0      0      0      0      0      0      0      0   2706  36247      0
        13     99      0      0    132      0      0      0      0      0  17346      0      0 124926

Overall Statistics
                                          
               Accuracy : 0.8762          
                 95% CI : (0.8755, 0.8769)
    No Information Rate : 0.1717          
    P-Value [Acc > NIR] : < 2.2e-16       
                                          
                  Kappa : 0.8591          
 Mcnemar's Test P-Value : NA              

Statistics by Class:

                     Class: 1 Class: 2 Class: 3 Class: 4 Class: 5 Class: 6  Class: 7 Class: 8 Class: 9 Class: 10 Class: 11
Sensitivity            0.9132  0.89663  0.83562   0.8449 0.823463  0.91234 0.8320158 0.854167  0.85498    0.8575   0.94503
Specificity            0.9817  0.99404  0.99899   0.9792 0.999903  0.98708 1.0000000 0.999640  0.98191    0.9821   0.98550
Pos Pred Value         0.8840  0.91765  0.96410   0.8743 0.944984  0.88425 1.0000000 0.941110  0.79014    0.9070   0.79784
Neg Pred Value         0.9867  0.99235  0.99470   0.9736 0.999642  0.99048 0.9999028 0.999018  0.98837    0.9712   0.99663
Precision              0.8840  0.91765  0.96410   0.8743 0.944984  0.88425 1.0000000 0.941110  0.79014    0.9070   0.79784
Recall                 0.9132  0.89663  0.83562   0.8449 0.823463  0.91234 0.8320158 0.854167  0.85498    0.8575   0.94503
F1                     0.8984  0.90702  0.89527   0.8593 0.880048  0.89808 0.9083064 0.895533  0.82128    0.8815   0.86522
Prevalence             0.1325  0.06901  0.03138   0.1463 0.002027  0.09763 0.0005784 0.006694  0.07377    0.1694   0.05710
Detection Rate         0.1210  0.06188  0.02622   0.1236 0.001669  0.08907 0.0004812 0.005718  0.06307    0.1453   0.05396
Detection Prevalence   0.1369  0.06743  0.02719   0.1414 0.001766  0.10073 0.0004812 0.006076  0.07983    0.1602   0.06763
Balanced Accuracy      0.9475  0.94533  0.91730   0.9120 0.911683  0.94971 0.9160079 0.926903  0.91845    0.9198   0.96526
                     Class: 12 Class: 13
Sensitivity            0.98976    0.8315
Specificity            0.99359    0.9757
Pos Pred Value         0.87099    0.8767
Neg Pred Value         0.99955    0.9654
Precision              0.87099    0.8767
Recall                 0.98976    0.8315
F1                     0.92658    0.8535
Prevalence             0.04186    0.1717
Detection Rate         0.04143    0.1428
Detection Prevalence   0.04757    0.1629
Balanced Accuracy      0.99168    0.9036
        finalout_select
clusters      1      2      3      4      5      6      7      8      9     10     11     12     13
      1  105857      0      0     95      0      0      0      0      0      0     16    357  13418
      2       0  54134   4512      0      0    167      0      0    179      0      0      0      0
      3       0      0  22936      0      0      0      0    854      0      0      0      0      0
      4    1794      0      0 108118      0      0      0      0      0   1831     24      0  11894
      5       0      0      0      0   1460      0     85      0      0      0      0      0      0
      6       0   6076      0      0      0  77923      0      0   4096     28      0      0      0
      7       0      0      0      0      0      0    421      0      0      0      0      0      0
      8       0      0      0      0    313      0      0   5002      0      0      0      0      0
      9       0    165      0  12351      0    217      0      0  55178   1922      0      0      0
      10      0      0      0    838      0   7103      0      0   5084 127083      0      0      0
      11   5506      0      0   6437      0      0      0      0      0      0  47205     18      0
      12   2663      0      0      0      0      0      0      0      0      0   2706  36247      0
      13     99      0      0    132      0      0      0      0      0  17346      0      0 124926
