Confusion Matrix and Statistics

          Reference
Prediction    1    2    3    4    5    6    7    8    9   10   11   12   13
        1     0    0    0    0 3480    4    0  130    0    0    0    0    0
        2     0 2095    0    0    0    3    1    0    0    0    0    0    0
        3     0    0 2199  481   37    0    0    0   33    0 1090    0    0
        4     4    0    0 1864    0    0    0  268    0    0    0  579    0
        5     0    0 1057    0 2811    0    0    0  268    0    0    0    0
        6     0  463    0    0  796 3687    0    0    0    0    0    0    0
        7     0  901    0    0    0    4 1472    0    0    0    0    0    0
        8     0    0  384 1980  983    0    0 2555    0    0    0  102    0
        9     0  114    1    0 1095 2235    0    0 1493    0   40    0    0
        10    0    0    0    0    0    0    6    0    0  100    0    0  428
        11  389    0   77  664    0    0    0    0    0    0  744    0    0
        12  637    0    0    6    0    0    0    0    0    0    0 1005    0
        13    0    0    0    0    0    0 1083    0    0    0    0    0  152

Overall Statistics
                                          
               Accuracy : 0.5044          
                 95% CI : (0.4995, 0.5093)
    No Information Rate : 0.23            
    P-Value [Acc > NIR] : < 2.2e-16       
                                          
                  Kappa : 0.4546          
 Mcnemar's Test P-Value : NA              

Statistics by Class:

                     Class: 1 Class: 2 Class: 3 Class: 4 Class: 5 Class: 6 Class: 7 Class: 8 Class: 9 Class: 10 Class: 11
Sensitivity           0.00000  0.58634  0.59145  0.37317  0.30548  0.62144  0.57455  0.86522  0.83222   1.00000   0.39701
Specificity           0.90726  0.99989  0.95477  0.97569  0.95698  0.96304  0.97583  0.90690  0.90878   0.98912   0.97036
Pos Pred Value        0.00000  0.99809  0.57266  0.68656  0.67964  0.74545  0.61927  0.42555  0.29992   0.18727   0.39701
Neg Pred Value        0.97169  0.96100  0.95799  0.91603  0.82180  0.93593  0.97103  0.98829  0.99141   1.00000   0.97036
Precision             0.00000  0.99809  0.57266  0.68656  0.67964  0.74545  0.61927  0.42555  0.29992   0.18727   0.39701
Recall                0.00000  0.58634  0.59145  0.37317  0.30548  0.62144  0.57455  0.86522  0.83222   1.00000   0.39701
F1                        NaN  0.73872  0.58190  0.48353  0.42150  0.67782  0.59607  0.57050  0.44093   0.31546   0.39701
Prevalence            0.02575  0.08933  0.09295  0.12487  0.23005  0.14833  0.06405  0.07383  0.04485   0.00250   0.04685
Detection Rate        0.00000  0.05237  0.05498  0.04660  0.07028  0.09218  0.03680  0.06388  0.03732   0.00250   0.01860
Detection Prevalence  0.09035  0.05248  0.09600  0.06788  0.10340  0.12365  0.05942  0.15010  0.12445   0.01335   0.04685
Balanced Accuracy     0.45363  0.79312  0.77311  0.67443  0.63123  0.79224  0.77519  0.88606  0.87050   0.99456   0.68369
                     Class: 12 Class: 13
Sensitivity            0.59609   0.26207
Specificity            0.98322   0.97253
Pos Pred Value         0.60983   0.12308
Neg Pred Value         0.98224   0.98896
Precision              0.60983   0.12308
Recall                 0.59609   0.26207
F1                     0.60288   0.16749
Prevalence             0.04215   0.01450
Detection Rate         0.02513   0.00380
Detection Prevalence   0.04120   0.03087
Balanced Accuracy      0.78965   0.61730
        finalout_select
clusters    1    2    3    4    5    6    7    8    9   10   11   12   13
      1     0    0    0    0 3480    4    0  130    0    0    0    0    0
      2     0 2095    0    0    0    3    1    0    0    0    0    0    0
      3     0    0 2199  481   37    0    0    0   33    0 1090    0    0
      4     4    0    0 1864    0    0    0  268    0    0    0  579    0
      5     0    0 1057    0 2811    0    0    0  268    0    0    0    0
      6     0  463    0    0  796 3687    0    0    0    0    0    0    0
      7     0  901    0    0    0    4 1472    0    0    0    0    0    0
      8     0    0  384 1980  983    0    0 2555    0    0    0  102    0
      9     0  114    1    0 1095 2235    0    0 1493    0   40    0    0
      10    0    0    0    0    0    0    6    0    0  100    0    0  428
      11  389    0   77  664    0    0    0    0    0    0  744    0    0
      12  637    0    0    6    0    0    0    0    0    0    0 1005    0
      13    0    0    0    0    0    0 1083    0    0    0    0    0  152
