Confusion Matrix and Statistics

          Reference
Prediction    1    2    3    4    5    6    7    8    9   10   11   12   13
        1  2658    0  117    0  491    0    0    0  265    0    0    0    0
        2     0 2297    0    0    0    1    0  191    0    0  911    0    0
        3  2351    0 1135    0    0    0    0    0  250    0    0 1169    0
        4     0    0  266 2921    0    0  477    0    0    0    0  590    0
        5   113    0 2626   30 2049    0  114    0    0    0    0    0    0
        6     0  708    0    0    0  806    0    0    0    0    0    0    0
        7    12    0    2    0  847    0 1475    0    0    0    0    0    0
        8     0    9    0    0    0    0    0 1577  709    0  782 1065    0
        9   505    0    0    0    0    0    0    2 4500    0  976  299    0
        10    0    0    0    0    0    0    0    0    0  175    0    0  121
        11    0    0    0  460    0    0 1427    0    0    0    0    0    0
        12    0    0    0  128    0    0    0    0    0    0    0 1439    0
        13    0    1    0    0    0  714    0    0    0    0    0    0  239

Overall Statistics
                                          
               Accuracy : 0.5318          
                 95% CI : (0.5269, 0.5367)
    No Information Rate : 0.1431          
    P-Value [Acc > NIR] : < 2.2e-16       
                                          
                  Kappa : 0.4838          
 Mcnemar's Test P-Value : NA              

Statistics by Class:

                     Class: 1 Class: 2 Class: 3 Class: 4 Class: 5 Class: 6 Class: 7 Class: 8 Class: 9 Class: 10 Class: 11
Sensitivity           0.47136  0.76186  0.27376  0.82537  0.60496  0.52991  0.42227  0.89096   0.7862  1.000000   0.00000
Specificity           0.97459  0.97018  0.89485  0.96344  0.92126  0.98160  0.97642  0.93291   0.9480  0.996962   0.94945
Pos Pred Value        0.75276  0.67559  0.23140  0.68665  0.41545  0.53236  0.63142  0.38073   0.7163  0.591216   0.00000
Neg Pred Value        0.91826  0.98038  0.91420  0.98271  0.96185  0.98142  0.94642  0.99462   0.9637  1.000000   0.92997
Precision             0.75276  0.67559  0.23140  0.68665  0.41545  0.53236  0.63142  0.38073   0.7163  0.591216   0.00000
Recall                0.47136  0.76186  0.27376  0.82537  0.60496  0.52991  0.42227  0.89096   0.7862  1.000000   0.00000
F1                    0.57972  0.71613  0.25080  0.74965  0.49261  0.53114  0.50609  0.53349   0.7496  0.743100       NaN
Prevalence            0.14097  0.07537  0.10365  0.08847  0.08468  0.03803  0.08732  0.04425   0.1431  0.004375   0.06673
Detection Rate        0.06645  0.05742  0.02838  0.07303  0.05122  0.02015  0.03687  0.03943   0.1125  0.004375   0.00000
Detection Prevalence  0.08828  0.08500  0.12262  0.10635  0.12330  0.03785  0.05840  0.10355   0.1570  0.007400   0.04718
Balanced Accuracy     0.72298  0.86602  0.58430  0.89441  0.76311  0.75576  0.69934  0.91193   0.8671  0.998481   0.47473
                     Class: 12 Class: 13
Sensitivity            0.31543  0.663889
Specificity            0.99639  0.981963
Pos Pred Value         0.91832  0.250524
Neg Pred Value         0.91874  0.996901
Precision              0.91832  0.250524
Recall                 0.31543  0.663889
F1                     0.46957  0.363775
Prevalence             0.11405  0.009000
Detection Rate         0.03598  0.005975
Detection Prevalence   0.03918  0.023850
Balanced Accuracy      0.65591  0.822926
        finalout_select
clusters    1    2    3    4    5    6    7    8    9   10   11   12   13
      1  2658    0  117    0  491    0    0    0  265    0    0    0    0
      2     0 2297    0    0    0    1    0  191    0    0  911    0    0
      3  2351    0 1135    0    0    0    0    0  250    0    0 1169    0
      4     0    0  266 2921    0    0  477    0    0    0    0  590    0
      5   113    0 2626   30 2049    0  114    0    0    0    0    0    0
      6     0  708    0    0    0  806    0    0    0    0    0    0    0
      7    12    0    2    0  847    0 1475    0    0    0    0    0    0
      8     0    9    0    0    0    0    0 1577  709    0  782 1065    0
      9   505    0    0    0    0    0    0    2 4500    0  976  299    0
      10    0    0    0    0    0    0    0    0    0  175    0    0  121
      11    0    0    0  460    0    0 1427    0    0    0    0    0    0
      12    0    0    0  128    0    0    0    0    0    0    0 1439    0
      13    0    1    0    0    0  714    0    0    0    0    0    0  239
