Confusion Matrix and Statistics

          Reference
Prediction    1    2    3    4    5    6    7    8    9   10   11   12   13
        1  1352    0    0    0    0    0    0    0    0  784    0    0    0
        2  1268 1105    0    0  236    0    0    0    0    0    0    0    0
        3     0    0 2608  419   13    4    0    0    0    0  393  858    0
        4     0    0    0 2623    0    0    0    0  109    0  851    0    0
        5     0    3  114    0 1846    0    0  284    0    0    0  921    0
        6     0    0 1777    0    5 2389    0  978    0    0    2    0    0
        7     0    0    0  260    0    0 1520    0  857    0 1189    0    0
        8     0 1732    1    0  833  919    0 1952    0    0    0    0    0
        9     0    0    0   46    0    0   11    0 1126    0    0    0    0
        10   17    0    0    0    0    0    0    0    0  683    0    0    1
        11    0    0   57    8    0  619    0    0    0    0 4041    0    0
        12    0    0    1  593    0    0    0    0  636    0    0 1701    0
        13    0    0    0    0    0    0    0    0    0    6    0    0  249

Overall Statistics
                                         
               Accuracy : 0.5799         
                 95% CI : (0.575, 0.5847)
    No Information Rate : 0.1619         
    P-Value [Acc > NIR] : < 2.2e-16      
                                         
                  Kappa : 0.5381         
 Mcnemar's Test P-Value : NA             

Statistics by Class:

                     Class: 1 Class: 2 Class: 3 Class: 4 Class: 5 Class: 6 Class: 7 Class: 8 Class: 9 Class: 10 Class: 11
Sensitivity           0.51270  0.38908   0.5722  0.66422  0.62939  0.60773  0.99282  0.60734  0.41276   0.46368    0.6240
Specificity           0.97902  0.95953   0.9524  0.97337  0.96433  0.92342  0.94006  0.90526  0.99847   0.99953    0.9796
Pos Pred Value        0.63296  0.42353   0.6072  0.73207  0.58270  0.46379  0.39728  0.35902  0.95182   0.97432    0.8552
Neg Pred Value        0.96606  0.95360   0.9454  0.96359  0.97049  0.95575  0.99970  0.96349  0.95873   0.97990    0.9310
Precision             0.63296  0.42353   0.6072  0.73207  0.58270  0.46379  0.39728  0.35902  0.95182   0.97432    0.8552
Recall                0.51270  0.38908   0.5722  0.66422  0.62939  0.60773  0.99282  0.60734  0.41276   0.46368    0.6240
F1                    0.56652  0.40558   0.5892  0.69649  0.60515  0.52610  0.56748  0.45128  0.57581   0.62833    0.7215
Prevalence            0.06592  0.07100   0.1139  0.09872  0.07333  0.09828  0.03828  0.08035  0.06820   0.03682    0.1619
Detection Rate        0.03380  0.02763   0.0652  0.06557  0.04615  0.05973  0.03800  0.04880  0.02815   0.01707    0.1010
Detection Prevalence  0.05340  0.06523   0.1074  0.08958  0.07920  0.12878  0.09565  0.13592  0.02958   0.01752    0.1181
Balanced Accuracy     0.74586  0.67431   0.7623  0.81879  0.79686  0.76558  0.96644  0.75630  0.70561   0.73161    0.8018
                     Class: 12 Class: 13
Sensitivity            0.48879  0.996000
Specificity            0.96632  0.999849
Pos Pred Value         0.58035  0.976471
Neg Pred Value         0.95201  0.999975
Precision              0.58035  0.976471
Recall                 0.48879  0.996000
F1                     0.53065  0.986139
Prevalence             0.08700  0.006250
Detection Rate         0.04253  0.006225
Detection Prevalence   0.07328  0.006375
Balanced Accuracy      0.72756  0.997925
        finalout_select
clusters    1    2    3    4    5    6    7    8    9   10   11   12   13
      1  1352    0    0    0    0    0    0    0    0  784    0    0    0
      2  1268 1105    0    0  236    0    0    0    0    0    0    0    0
      3     0    0 2608  419   13    4    0    0    0    0  393  858    0
      4     0    0    0 2623    0    0    0    0  109    0  851    0    0
      5     0    3  114    0 1846    0    0  284    0    0    0  921    0
      6     0    0 1777    0    5 2389    0  978    0    0    2    0    0
      7     0    0    0  260    0    0 1520    0  857    0 1189    0    0
      8     0 1732    1    0  833  919    0 1952    0    0    0    0    0
      9     0    0    0   46    0    0   11    0 1126    0    0    0    0
      10   17    0    0    0    0    0    0    0    0  683    0    0    1
      11    0    0   57    8    0  619    0    0    0    0 4041    0    0
      12    0    0    1  593    0    0    0    0  636    0    0 1701    0
      13    0    0    0    0    0    0    0    0    0    6    0    0  249
