Confusion Matrix and Statistics

          Reference
Prediction    1    2    3    4    5    6    7    8    9   10   11   12   13
        1   468   14    1    0    0  691    0    0    0    0    0  287    0
        2  1577 2575    0    0    0   28 2193    0  531    0    0    0    0
        3     0    0  915  165    0    0    0    0    0  300    0    0    0
        4     0    0   18 4060    0    0   78    0  113  124    0    0    0
        5     0    0    0    0  961    0    0    0    0    0    0 1146    0
        6     0 3268    0    0    0 2216    0    0    0    0    0    4    0
        7   608    0 1696   87    0    0 1862    0    0    0    0    0    0
        8     0    0    0    0  729    0    0 1074    0    0    0    0   41
        9     0  108    0  309    0    0  586    0 4484    0    0    0    0
        10    0    0    3   70    0    0    0    0    0 1342    0    0    0
        11    0 1668    0    0    0    0    0    0  586    0    0    0    0
        12    0    0    0    0    0  786    0    0    0    0    0 2008    0
        13    0    0    0    0    0    0    0    0    0    0   30    0  190

Overall Statistics
                                         
               Accuracy : 0.5539         
                 95% CI : (0.549, 0.5588)
    No Information Rate : 0.1908         
    P-Value [Acc > NIR] : < 2.2e-16      
                                         
                  Kappa : 0.5007         
 Mcnemar's Test P-Value : NA             

Statistics by Class:

                     Class: 1 Class: 2 Class: 3 Class: 4 Class: 5 Class: 6 Class: 7 Class: 8 Class: 9 Class: 10 Class: 11
Sensitivity           0.17640  0.33735  0.34751   0.8655  0.56864  0.59554  0.39458  1.00000   0.7847   0.75991   0.00000
Specificity           0.97341  0.86625  0.98756   0.9906  0.97009  0.90981  0.93223  0.98022   0.9707   0.99809   0.94361
Pos Pred Value        0.32033  0.37297  0.66304   0.9242  0.45610  0.40379  0.43781  0.58243   0.8172   0.94841   0.00000
Neg Pred Value        0.94330  0.84717  0.95552   0.9823  0.98076  0.95639  0.92008  1.00000   0.9644   0.98901   0.99921
Precision             0.32033  0.37297  0.66304   0.9242  0.45610  0.40379  0.43781  0.58243   0.8172   0.94841   0.00000
Recall                0.17640  0.33735  0.34751   0.8655  0.56864  0.59554  0.39458  1.00000   0.7847   0.75991   0.00000
F1                    0.22752  0.35427  0.45602   0.8939  0.50619  0.48127  0.41507  0.73612   0.8006   0.84376       NaN
Prevalence            0.06632  0.19082  0.06582   0.1173  0.04225  0.09302  0.11797  0.02685   0.1429   0.04415   0.00075
Detection Rate        0.01170  0.06438  0.02287   0.1015  0.02403  0.05540  0.04655  0.02685   0.1121   0.03355   0.00000
Detection Prevalence  0.03653  0.17260  0.03450   0.1098  0.05267  0.13720  0.10633  0.04610   0.1372   0.03537   0.05635
Balanced Accuracy     0.57491  0.60180  0.66753   0.9280  0.76936  0.75267  0.66340  0.99011   0.8777   0.87900   0.47180
                     Class: 12 Class: 13
Sensitivity            0.58287  0.822511
Specificity            0.97850  0.999246
Pos Pred Value         0.71868  0.863636
Neg Pred Value         0.96138  0.998969
Precision              0.71868  0.863636
Recall                 0.58287  0.822511
F1                     0.64369  0.842572
Prevalence             0.08612  0.005775
Detection Rate         0.05020  0.004750
Detection Prevalence   0.06985  0.005500
Balanced Accuracy      0.78069  0.910878
        finalout_select
clusters    1    2    3    4    5    6    7    8    9   10   11   12   13
      1   468   14    1    0    0  691    0    0    0    0    0  287    0
      2  1577 2575    0    0    0   28 2193    0  531    0    0    0    0
      3     0    0  915  165    0    0    0    0    0  300    0    0    0
      4     0    0   18 4060    0    0   78    0  113  124    0    0    0
      5     0    0    0    0  961    0    0    0    0    0    0 1146    0
      6     0 3268    0    0    0 2216    0    0    0    0    0    4    0
      7   608    0 1696   87    0    0 1862    0    0    0    0    0    0
      8     0    0    0    0  729    0    0 1074    0    0    0    0   41
      9     0  108    0  309    0    0  586    0 4484    0    0    0    0
      10    0    0    3   70    0    0    0    0    0 1342    0    0    0
      11    0 1668    0    0    0    0    0    0  586    0    0    0    0
      12    0    0    0    0    0  786    0    0    0    0    0 2008    0
      13    0    0    0    0    0    0    0    0    0    0   30    0  190
